7.6801412889e-01
2.2204460493e-16
-4.4206827187e-02
-1.5994349139e-01
-3.2213029414e-01
-5.0647493561e-01
-6.9021508256e-01
-8.5296618006e-01
-9.7756828561e-01
-1.0508368687e+00
-1.0641375859e+00
-1.0137235698e+00
-9.0079495324e-01
-7.3126307955e-01
-5.1522485058e-01
-2.6617455905e-01
0.0000000000e+00
2.6617455905e-01
5.1522485058e-01
7.3126307955e-01
9.0079495324e-01
1.0137235698e+00
1.0641375859e+00
1.0508368687e+00
9.7756828561e-01
8.5296618006e-01
6.9021508256e-01
5.0647493561e-01
3.2213029414e-01
1.5994349139e-01
4.4206827187e-02
-2.2204460493e-16